lastAccountName: hornta
timestamps:
  login: 1566765448704
  logout: 1566504814153
ipAddress: 127.0.0.1
money: '0.0'
logoutlocation:
  world: t1
  x: 2938.5
  y: 4.0
  z: -4757.5
  yaw: 0.0
  pitch: 0.0
lastlocation:
  world: t1
  x: 2938.5
  y: 4.0
  z: -4757.5
  yaw: 22.799967
  pitch: 2.850015
afk: false
